0 FILE model.ldr 
1 1 0 1 1 -0.7450980392156864 -0.019607843137254943 0.6666666666666667 0.607843137254902 -0.43137254901960786 0.6666666666666669 0.27450980392156865 0.9019607843137257 0.3333333333333334 3005.dat
1 1 1 1 2 -0.7453183520599251 0.007490636704119813 0.6666666666666666 0.5917602996254683 -0.4531835205992509 0.6666666666666667 0.30711610486891383 0.8913857677902621 0.3333333333333333 3005.dat
1 1 1 2 3 -0.7453505007153076 -0.0028612303290415086 0.6666666666666666 0.597997138769671 -0.44492131616595143 0.6666666666666667 0.2947067238912733 0.8955650929899857 0.3333333333333335 3005.dat
1 1 2 3 5 -0.7453551912568306 0.0010928961748633559 0.6666666666666666 0.5956284153005464 -0.44808743169398907 0.6666666666666666 0.2994535519125683 0.8939890710382513 0.33333333333333337 3005.dat
1 1 3 5 8 -0.7453558756000835 -4.174493842621918E-4 0.6666666666666667 0.5965351701106241 -0.4468795658526404 0.6666666666666667 0.29764141097891883 0.8945940304738051 0.33333333333333337 3005.dat
1 1 5 8 13 -0.7453559754444711 1.5945148688512048E-4 0.6666666666666667 0.5961891094634458 -0.4473411464561908 0.6666666666666667 0.29833373196205054 0.8943633899386112 0.3333333333333334 3005.dat
1 1 8 13 21 -0.7453559900115719 -6.0905049028614495E-5 0.6666666666666666 0.5963213350386748 -0.4471648699677203 0.6666666666666666 0.2980693099457945 0.8944515500334976 0.33333333333333337 3005.dat
1 1 13 21 34 -0.7453559921368833 2.326365867560965E-5 0.6666666666666666 0.5962708355143013 -0.4472322062090705 0.6666666666666666 0.2981703132451641 0.8944178851007898 0.3333333333333333 3005.dat
1 1 21 34 55 -0.745355992446962 -8.885926913282383E-6 0.6666666666666666 0.5962901255137176 -0.44720648672664665 0.6666666666666666 0.29813173386648895 0.8944307453071197 0.3333333333333333 3005.dat
1 1 34 55 89 -0.745355992492202 3.3941220594635446E-6 0.6666666666666666 0.5962827575205258 -0.4472163107929687 0.6666666666666666 0.29814646994335214 0.8944258333418186 0.3333333333333333 3005.dat
1 1 55 89 144 -0.7453559924988025 -1.2964392647196732E-6 0.6666666666666667 0.5962855718626008 -0.4472125583478696 0.6666666666666667 0.2981408412724033 0.8944277095742688 0.3333333333333333 3005.dat
1 1 89 144 233 -0.7453559924997654 4.95195734695475E-7 0.6666666666666666 0.5962844968823715 -0.4472139916564471 0.6666666666666666 0.29814299123478794 0.8944269929214245 0.33333333333333337 3005.dat
1 1 144 233 377 -0.7453559924999058 -1.8914793964430743E-7 0.6666666666666666 0.5962849074886885 -0.4472134441815918 0.6666666666666667 0.2981421700224348 0.8944272666590629 0.33333333333333326 3005.dat
1 1 233 377 610 -0.7453559924999263 7.224808401540272E-8 0.6666666666666667 0.5962847506510907 -0.44721365329842305 0.6666666666666666 0.29814248369767143 0.894427162100678 0.3333333333333333 3005.dat
1 1 377 610 987 -0.7453559924999293 -2.7596312457411898E-8 0.6666666666666667 0.596284810557731 -0.4472135734229077 0.6666666666666666 0.2981423638843968 0.8944272020384402 0.33333333333333337 3005.dat
1 1 610 987 1597 -0.7453559924999299 1.054085341234412E-8 0.6666666666666667 0.5962847876754318 -0.4472136039326407 0.6666666666666667 0.298142409648996 0.8944271867835745 0.33333333333333337 3005.dat
1 1 987 1597 2584 -0.7453559924999299 -4.026247724109311E-9 0.6666666666666667 0.5962847964156925 -0.44721359227895974 0.6666666666666666 0.29814239216847466 0.8944271926104149 0.3333333333333333 3005.dat
1 1 1597 2584 4181 -0.7453559924999299 1.5378898154949634E-9 0.6666666666666666 0.59628479307721 -0.4472135967302697 0.6666666666666666 0.2981423988454397 0.8944271903847598 0.3333333333333333 3005.dat
1 1 2584 4181 6765 -0.7453559924999299 -5.874216113532781E-10 0.6666666666666666 0.5962847943523969 -0.4472135950300207 0.6666666666666666 0.29814239629506606 0.8944271912348845 0.3333333333333334 3005.dat
1 1 4181 6765 10946 -0.74535599249993 2.2437507407602197E-10 0.6666666666666667 0.596284793865319 -0.44721359567945806 0.6666666666666667 0.29814239726922215 0.894427190910166 0.33333333333333337 3005.dat
1 1 6765 10946 17711 -0.7453559924999299 -8.570372189709019E-11 0.6666666666666666 0.596284794051366 -0.44721359543139505 0.6666666666666666 0.2981423968971275 0.8944271910341973 0.33333333333333337 3005.dat
1 1 10946 17711 28657 -0.7453559924999298 3.2735925081794903E-11 0.6666666666666666 0.5962847939803023 -0.44721359552614653 0.6666666666666667 0.29814239703925494 0.8944271909868216 0.3333333333333332 3005.dat
1 1 17711 28657 46368 -0.7453559924999299 -1.2503997837143288E-11 0.6666666666666666 0.5962847940074463 -0.44721359548995476 0.6666666666666666 0.29814239698496714 0.8944271910049174 0.33333333333333337 3005.dat
1 1 28657 46368 75025 -0.7453559924999299 4.7761794519374234E-12 0.6666666666666667 0.5962847939970783 -0.4472135955037788 0.6666666666666669 0.29814239700570333 0.8944271909980056 0.33333333333333326 3005.dat
1 1 46368 75025 121393 -0.7453559924999299 -1.8243184740640576E-12 0.6666666666666667 0.5962847940010386 -0.44721359549849843 0.6666666666666667 0.2981423969977827 0.8944271910006456 0.3333333333333333 3005.dat
1 1 75025 121393 196418 -0.7453559924999299 6.967759702547483E-13 0.6666666666666667 0.5962847939995259 -0.4472135955005155 0.6666666666666667 0.2981423970008082 0.8944271909996373 0.3333333333333334 3005.dat
1 1 121393 196418 317811 -0.7453559924999299 -2.6617597015388123E-13 0.6666666666666666 0.5962847940001036 -0.44721359549974504 0.6666666666666666 0.29814239699965256 0.8944271910000221 0.3333333333333334 3005.dat
1 1 196418 317811 514229 -0.74535599249993 1.0158540675320182E-13 0.6666666666666667 0.596284793999883 -0.44721359550003936 0.6666666666666667 0.29814239700009393 0.8944271909998753 0.3333333333333334 3005.dat
1 1 317811 514229 832040 -0.7453559924999299 -3.880229471064922E-14 0.6666666666666666 0.5962847939999671 -0.4472135954999269 0.6666666666666666 0.2981423969999254 0.8944271909999314 0.33333333333333337 3005.dat
1 1 514229 832040 1346269 -0.7453559924999298 1.48769885299771E-14 0.6666666666666666 0.5962847939999351 -0.44721359549996975 0.6666666666666666 0.29814239699998973 0.89442719099991 0.3333333333333332 3005.dat
